4422352
5221808
5264848
4825936
4943104
4915120
5190528
4201072
5237632
4818016
4587936
4433376
4427248
5186192
4556048
4813904
4694880
4947472
5076208
4388144
4337424
4601792
4286640
4646320
4539136
4253504
4545808
5229728
4779168
4946224
4615312
4281520
4515056
4696384
5167920
4460192
4945216
4647392
4816128
5071792
4339808
4562256
4947008
4943952
4592592
4520864
5214944
4643024
4948064
4548464
4817456
4825104
5368928
5107344
4284880
5420240
5254800
4732112
4913616
5167728
5193936
4572752
4338240
4599024
4773840
4335168
4553040
5370688
4858848
4817872
4859904
4432496
4555456
4780288
5425952
5395232
4643120
4511856
4955296
4975760
4208864
4556720
4199888
4697040
5159568
4390304
5407776
5357712
4525440
4250608
4584832
5326464
4458560
5194032
4645376
5265472
4897862
4517440
5279600
5145488
4573872
4805088
4947440
4559088
4289120
4286048
5195856
4590704
5408848
5175280
4780608
5425760
4950736
4986368
5089792
5221968
4557808
5045248
5422688
5071872
4663424
4932816
4805280
5279280
5277216
4219792
4540400
5098528
4235408
4643904
4471296
4808096
4601408
5408608
4466192
4730224
4667792
4676288
4674224
5040688
5195360
4298848
4601664
4222352
4286544
4643648
4327664
4200640
4782432
5413488
4306768
5445552
5170656
5421120
4281424
4249264
5274880
4986928
4777312
4779888
4295024
4574448
5168080
5267232
5072128
4326096
4199072
4780864
5214560
4824992
5086256
4681632
4330464
4327392
4985360
5228064
4807888
5145232
4777504
4307728
4913456
5415440
4310272
4600080
5444848
5152384
4343952
5065568
5146496
5044336
5281136
4945344
4418656
5341584
4959680
4424768
4814832
4947136
4204752
5214752
4515936
4284720
5176496
4940976
5072448
4815136
4939376
4436416
4646896
4306416
5198048
4573008
4703760
4705792
4573776
4440240
4303344
5199312
4419744
5423072
4591328
4589264
4956992
4679472
4491392
5106304
4981936
5071536
4566880
4199728
4781296
4644784
5064416
4777120
4805216
4206416
4336384
4333840
4568320
5280480
5089488
4385280
5441344
4758416
5418928
5039072
4319632
4755344
4570112
5425056
5203392
4295360
4558864
4694624
4671840
5219248
4901656
4814160
5186448
4562704
5087984
4817008
4869264
4901612
4331312
4557584
5175824
4296624
4457440
4780224
4204656
4810304
5176336
4860352
4825168
4985328
4288672
4835408
4547104
4303520
5424544
4458192
5071856
5188480
4463328
5177088
4816192
4552224
4679280
5168416
4628608
5098960
5113904
4814944
4557088
4753280
4804704
5442624
4440560
4619664
4642752
4539664
4542208
4410864
5223072
4705600
4813840
5061264
4298736
4423072
4286432
4258608
5215440
4301264
4307168
4559184
4311504
4943168
4981696
5087136
5214160
4986816
4390000
4249888
4431552
5255552
5258128
5098400
5220560
4209680
4938592
5194704
5415408
5285312
4440752
4574288
4932976
4545088
5363776
4514992
5255056
4674320
4861136
5195488
4569920
5444096
4516784
4249824
4687344
5204992
4780544
4429648
5075008
5045312
5420592
5115072
4981312
5203200
4430416
5076304
5319584
4947376
4927888
4814320
5419808
4982608
4340912
4776240
4412496
5272384
4950208
4546224
4601344
5418768
4570304
4353424
4206576
5144720
5339520
4571584
4644624
4411216
4858928
4965024
4540336
4677104
5371056
5445360
4600592
4310784
5417984
5414928
4774960
4435248
4816576
4938224
5265968
4651872
4202400
4301680
4299856
4296768
5084976
5222224
4551376
4683424
5228624
5285936
4780352
5318624
4198560
4812208
4381936
4674752
5085184
4512256
5194096
5407088
5039408
5445040
5279536
4913264
5036832
4408080
5114320
5443776
4311872
5407840
4776560
4225936
4896913
5398864
4676800
4728160
5195104
4312128
4567792
5444032
4208304
4251584
5272592
4642624
4412160
4705728
5208416
5214816
4985856
4944112
4304240
4330960
4941040
4569296
4790656
4259232
5264944
4549328
5216112
4559600
4332752
4814768
4590192
4723520
4681376
4955104
4512832
4437584
4310528
4354688
4571328
4586112
5147520
4353680
4777248
4896844
5279088
5274944
4414544
4417872
4836320
4283152
4286480
5358224
4337584
4357504
5040752
4309776
4298784
4782368
5314224
4950464
5196048
5346960
5266544
4287792
5128848
5341840
4546976
5161360
5209856
5267296
5087072
5365152
4825056
4959152
4292128
4780800
5204736
4687088
4923776
5425392
4513984
4517040
5370176
4966256
5444352
4937056
4775904
5440016
4805152
4698384
5275328
4250880
4830256
5220816
4512704
5041824
4465600
4775120
5280416
4312560
5194448
4336448
4547952
4384880
5217488
4562768
4687120
5447728
5072064
5422816
4311248
4981440
4684832
4681776
4549744
4949872
4814096
4332144
5096400
4639104
4539408
5447488
4777888
5277152
4270480
5114160
4829792
4552720
4538624
4513264
4775584
5407904
5044688
4755088
5194912
4208464
5308432
4756096
5261808
4634768
4960304
5183872
4749696
5266128
4651936
4554032
4959744
4415952
4460000
4809296
4202336
4299952
4296896
5176080
4330544
4817776
4780480
5290960
4933904
4943872
4812352
4810320
4768384
4296640
4780208
5262032
4948016
4819568
5368880
4257632
5267152
4426736
4569120
5427104
4947712
4684400
4850096
4952352
4258400
4679264
4556288
4332576
5188496
4774064
4203072
4808560
5431680
4458992
5070800
4704832
4937520
4386560
4632464
4334336
4754064
4613008
4381440
4542224
4966736
4286416
5210336
4590560
4425648
4556096
4201776
5203184
4301280
4546928
5084576
4726768
5007504
5264800
4287184
5214176
4540784
4677680
4693008
4565600
5072304
5074880
4302032
4200992
4198960
5400800
5194720
4465328
5446928
4859360
5167968
5285296
4780000
5281440
5197536
4425888
5040800
4674304
4514224
5226720
5413600
4200464
4806176
5278016
5425712
4780560
4548000
4364432
5400864
5087808
4417392
4981328
5345936
5115056
4555184
4557760
5420576
5045328
5154944
5291376
4985664
4722432
4291104
5135760
4602144
5195776
4467056
5164928
5286736
4778800
5151616
5444592
4601360
4436560
4526208
4290576
4644608
4536448
4353408
4807392
5284944
4305680
4777008
5418000
5149824
4802256
5447408
4729392
5222448
5268032
4955344
4566992
4940016
4298048
4435232
4459824
4811440
4390352
5217904
4864320
5212016
5266736
4296784
4423680
4790416
5318608
4797824
4946928
4594288
4457008
5395312
4516144
5228608
4209344
5194080
4589904
5407072
5085200
4659856
4657792
5275408
5066528
4933600
4601168
4436240
4208576
4939488
5440688
4237968
4514320
4712848
5281056
5271296
4680112
4968400
5272576
4913504
4600128
4589648
5193824
4569072
5373680
4725104
4431632
4947184
4810416
4325856
4204704
4951264
5261872
5214832
5203792
4413744
5218624
4723536
4331952
4354704
4439632
4379312
4381376
4540096
4525184
4251376
5363888
5354384
4641808
4414528
5279072
5339280
4933024
4584064
5040736
4466496
4309760
4337600
4567488
4357520
5148816
5358208
4286464
4513600
4643600
4514128
4200688
5425408
4782384
4775968
4287776
5266528
5220880
4258784
4558768
4590368
4306992
4301088
5291632
5128832
4957376
4824288
4819920
4424256
4297232
4943280
5445840
5161344
4944832
4201184
5064768
4969344
4825040
5251456
5089440
4572224
5166432
4776416
4479360
4426144
4299216
5223904
4397696
4642288
4472256
5168224
4698368
5447184
4706064
5421552
5222608
5425872
4429760
4780784
4294640
4418976
5087936
5116992
5004432
5045424
4295408
4558912
4202032
4684848
4544864
4720112
5106576
5176656
5281968
4590816
5206512
4334080
4258128
4933408
4804976
4810848
4470000
4913312
4815216
4601264
5403840
4552704
5114144
4673360
4514800
4634752
4756112
4572928
4256624
4826192
4854960
4329776
4208752
4860080
5222336
5085152
4557312
5176064
4296880
5208000
4778176
4780464
5290976
5202880
4304544
4325408
4340016
4687424
4289696
4742016
4297392
5072368
4432096
4563504
4825920
4675936
4981744
5084640
4201056
5190544
5209280
5206192
4602016
4256112
4301216
5319728
4947456
5441888
4674368
4286656
5444176
4569872
5413536
4994512
5170480
4938544
5415360
4465392
5064656
5167904
4290992
4835328
4682272
4947776
5058432
5419472
4814592
4329584
4826384
4256304
4258336
4647376
4951136
5259936
4812288
4815360
4940864
5171520
4297200
5107328
5368944
5318976
4933216
5254784
4823312
5270704
5193952
5417712
5406944
4705552
4456080
4481680
5198288
4896563
4858832
4379712
4676624
4814896
4569680
5041056
4929424
4566176
5074240
5348224
4548256
4517984
4304416
5425968
4457072
5158784
4198608
4562624
4435296
4975744
5266016
4413552
5215776
5159552
4559808
4459888
4511568
4829904
4526976
4210160
4358032
4433984
4306176
5413920
4539584
5085264
5265488
4859680
4645392
5194016
5152144
4344192
4568752
4341424
5279584
4469840
4443216
5066592
4722496
5260592
4945904
4587632
4590688
5425776
4780624
4459296
4438064
5422704
5040400
4563920
5221952
5168352
4967136
4252608
5041712
5407328
5039648
5418064
4699312
4934624
4223632
4471312
4950256
4656256
4667776
5370352
4676272
5099296
4775792
4286528
5175760
5169376
4335088
4801184
5040672
4782448
4280128
5447088
4219520
4703424
4209856
4442640
4470288
4599376
5285136
5363952
4236432
4287088
4256928
4826048
4390112
4290144
5400672
4459552
4780880
4296256
4435744
5196096
4564960
4330448
4838528
5369568
4287840
5215328
5395552
4949728
4945648
4460336
4307056
4339648
4341168
5167776
4933280
4351376
5145216
4688080
4204528
4644096
4515648
5085520
4729904
4570560
4343936
4340416
4338352
5441008
4901634
4415056
5418240
4815056
4567744
4210416
5344144
5216032
4561584
4926864
4199648
4336032
4558512
5177264
5210912
4512096
4984656
5133696
5214768
4198864
4201440
4462448
4860176
4601328
4572992
4338512
4454272
4863696
4388944
4510400
4336208
4209152
4487824
4590064
4779488
4777936
4875839
4517552
5209584
4555344
4943696
4941120
4259376
4860144
4422816
4999040
5395408
4389472
4780528
4302544
4491408
5215968
4202288
4617616
4465648
4610176
4336400
4385296
4644016
4631168
5223840
4567040
5169440
5175344
5039056
4426208
4436720
4613248
5430672
4720048
4945680
4202096
5203376
4551728
4725696
4950560
5217440
5090032
4780720
4471008
4459488
4562688
4809808
4687168
5420704
4222832
4790864
4788800
4526896
4925696
4922368
5178032
4791616
5182400
5194128
4913296
4784976
4533264
5138480
5212032
4447472
4790368
4345360
5338384
5340928
4924192
4346368
4477168
4643216
5395328
5002976
5104336
5378240
4275648
4637632
4243792
4611008
4475888
4753840
4605360
4448752
4214096
5146896
4375808
5143632
4610256
5184752
4219696
4241696
4631248
4787984
4918592
5068688
4319696
4260560
4234752
4579392
5291392
5236192
4371008
5186512
4761808
4766672
4356416
4583232
4926576
5158000
4971104
4664576
5374704
4417408
4373824
4792880
5030560
4222416
4918976
4791536
4615968
5428784
5005888
4233200
4743184
4758576
4922048
5156528
5021040
4219600
4354720
5010256
4632096
5143472
5354400
5343408
4921280
5178624
5181200
4482160
4759328
4738352
4637712
5133216
4666096
4216048
4326032
4210928
4739872
5237536
5136032
5230624
5334720
5191216
4406096
4633856
4535216
5364368
4496656
5387888
5178944
4619632
5182016
4612960
5427296
4634992
4525792
5142512
5178192
4769872
5049616
4814976
4712864
4692368
5003280
4259952
4316240
5191024
5193568
4454656
4769632
4214448
5377872
4740464
4749408
4256384
4246720
4201360
4204688
4452112
5237344
4817552
4638544
4611920
5106992
5348304
5345760
4976608
4218560
5307648
4314192
5160416
5378112
4764256
5058592
5048624
5185648
5164752
4202368
4454400
4635984
4815232
4488496
4525536
4348128
5182272
4791744
4489728
4494848
4785072
5179200
4605456
4241136
4544912
4742432
5103456
4393296
4233696
4371136
4930464
4917408
4318720
4346304
4739616
5376512
4663280
4540544
4666352
4274960
4609792
4230640
4963984
4848368
4365760
4756528
4620080
4617504
5178368
4226528
4474976
4325152
5181440
4624656
5110352
4492112
5141936
5177616
4446560
4321312
4918720
4667856
4966288
4499056
4580432
4210704
4471184
5374960
5343072
4537936
5233872
5266576
4579152
5334592
5059232
5355840
4740816
4321760
5040784
4425872
5136464
4743408
4238112
5432016
5276304
4356720
4475296
5060800
4610512
5095824
4621552
4756944
4315616
5181424
5064576
4214352
4303488
5424512
5341488
4892334
4588160
4452336
4770464
5189792
4622496
5237408
5214848
4289936
4655168
4218176
5252832
5140992
4913552
4759200
4766144
4762816
4754080
5300432
4791872
4789840
5152288
4219248
4221792
4638880
4747968
5354800
5142288
4628640
5387168
4454096
4321952
4728192
5156112
5145888
5177776
4229696
5139200
4526128
4490480
5185472
4775808
5195648
4486368
4226400
4787264
5147680
4660064
4621744
4859024
5222528
4737456
4654448
5149744
4917776
5184688
4771968
4488160
4290448
4213568
5423760
4451824
5345824
5004512
5104864
4262064
5246704
5349648
4243008
4663888
5101008
4585744
4217936
4927792
4610752
5210512
4636864
4360496
4841312
4791552
5145456
4999360
5141312
4848400
4712480
5048000
4755152
5051072
4922432
4215552
5162592
4975728
4749792
4738272
4269040
5142880
4925040
4316144
4218368
4345424
4506304
4745424
4457088
4449472
4226256
4922304
4631600
5258592
5137328
4714704
5149600
5147296
4784880
4351392
5159360
5178880
4619568
4453216
4757040
4391280
4655056
5181952
5170816
4538288
5353136
4633360
5307968
5372288
4390528
4664560
4313088
5058912
4712176
4877358
5255456
4977136
5140464
5184336
4610416
5428064
5181264
5027856
4455472
5339360
4526544
4490512
4260720
4616032
4788416
4920048
5192000
4496128
4265840
4523472
4256128
5347024
4605776
5191280
5160144
4201856
5060400
4710592
4819840
5004064
4404240
5374800
4269120
4969424
5339120
4604480
5190496
4449792
5057056
4275024
5381696
5348048
4257168
4740976
4403200
4671872
5129168
5155024
4706480
5057840
4930528
5162464
4869984
4619360
5146080
4227760
5251376
5259040
4498992
4752736
5144784
4805248
4807312
4756592
5432928
4876880
4836480
4657056
5380448
5149904
5162656
5185584
4749600
4531632
5344416
5374976
4795360
4569488
4216560
4530368
4738864
4622624
4374704
5139888
4896477
4617760
5179136
4923312
4397936
5049936
4752928
4488560
5185024
4922560
4631344
4267808
4507744
4963456
5237472
5353040
4535616
4968560
4346688
5158512
4618480
4655104
4422544
4240400
4537408
5378032
5262736
5157728
4370496
4839216
4787472
4925504
4456096
5063056
4232208
4526704
5003440
4753376
5149536
5181168
4619728
5145200
5155904
4657968
4497824
4791808
4343920
5184240
4930592
4975152
4649872
4287888
4634048
5341744
5426832
4342784
4793200
4662864
5343008
4239936
4364576
5214592
4290192
4452080
4348944
4926256
4213824
4245872
4360704
4369440
5258192
4727696
4627648
5220496
4747712
4396752
4492528
5194640
5184432
4219504
5024752
5181360
4734336
5256400
5139456
4918784
5195392
5177520
5154304
4238176
4623280
4364800
5141760
4620464
5177792
4484320
5226384
4397792
4359696
4532528
5347344
4621760
4524832
5143552
4922880
4775040
4322720
4610208
5049584
4657008
4489712
4968992
4971056
4262080
4275136
4372224
4974112
5060320
4211792
4585728
5425040
4403440
4970288
4534784
4286096
4636848
5059536
4587664
4590720
4761760
4344848
5150560
4790016
5139776
5141328
5388256
5279616
4708640
5038224
4488608
5280896
4631520
4925776
5266048
4275696
4712192
4435328
4433808
5307072
4475840
4212496
5349952
4634608
4521856
4345408
4213264
5158752
5290880
4521104
4662272
4960640
4932496
5184784
4526752
5143232
4744720
4999504
5178896
4759088
4757024
4561024
4353952
5170832
4219360
4343968
4792048
5181968
4753968
4751904
5427248
5048912
4396384
5138096
5192736
4618240
4998752
5135520
4767280
4576192
4313104
4537520
5364608
4375728
5236528
5378320
5104480
4928416
4318224
4753408
4615264
4751712
5137904
4398640
4366064
4525280
4921328
5181248
4756832
4759408
4791488
4616048
5020208
4260704
4849328
4228032
4741456
4758624
4479008
5334768
5162192
4212144
5441920
4200320
5377600
4242864
4821136
4738400
4668080
4904969
4578544
5161440
4604496
4998432
5237616
4632640
4817024
4261952
4216256
5157328
4403216
5177664
5031952
5047568
5430640
5185360
5302064
4625488
4229040
5021712
4756576
4617584
5339600
5149920
4802192
5181520
4275472
4473168
5185568
5164704
4925088
4212720
4507456
5233968
5105520
5348256
5135264
5059936
4618496
4328592
4535472
4741920
4762384
4612656
4791792
5138352
5009728
4657888
4923328
5155760
5179152
5151392
4488544
5185040
4627712
4397920
5357728
4235248
5137088
5139120
4631328
4226016
4223440
5160560
4237312
4535632
5261968
5259904
4244752
4790576
4799264
5146688
4214272
4534336
5136240
4928352
4237872
4235808
4525680
4628688
4621040
5428704
5070736
4322000
4839440
4495280
5356640
4238624
4363584
5145184
4759248
5179120
4754128
4613072
4343904
4791824
5152368
5138000
4356112
4799072
4585472
5339648
4535040
5377728
4275392
4287120
4921376
4316848
5217152
4664912
5184448
4750272
4747696
4372784
4974608
5387680
5298144
5181376
4351536
4922624
5136384
5256416
4623296
4661088
4227904
4523296
4919808
4776064
5180592
4751024
4526880
4357936
5183168
4919296
5142016
4507856
5138192
5407104
5300704
5194112
4918016
5152048
4784960
5158928
4913280
4455136
4236912
4795248
4287632
4665408
5129520
4662336
4745376
4604080
5192608
4449520
5057488
4610992
5048800
4713808
5162544
4342528
5002960
4275632
4404208
4291456
4969520
4240704
5146880
5064336
4756704
5051584
4353376
5143616
4657440
4219680
5149792
5429984
4350560
4758496
4496560
4629200
4847360
5141824
4232704
5347408
5303712
5185520
5038992
4918608
5151584
5355600
5260688
4633840
5236176
4214800
4927840
5347168
4518784
5157984
5161056
4897433
5347936
4402096
5264512
5084288
5231840
4752432
5175696
4918960
4586912
4456304
4479072
4623104
4970944
5258080
4977088
4974768
4219616
4610336
5181712
4754224
5181184
4922816
4525216
5343424
4632112
4578480
4342960
4374192
4668144
4262144
4275200
4739888
5234976
4547712
4390016
4214000
4449872
4576688
4342208
4761888
4403008
4400464
5233696
5369472
4667376
5352624
5349568
4633872
4605696
4807808
4759152
4495120
4744784
5138160
5184064
4789952
4353232
4235936
4634976
5003264
5183296
4753264
5377856
4634192
5157840
4313168
4258432
4622448
4204672
5138912
4444176
4704656
4817792
5234032
4738912
4739440
5160400
4201600
4475648
5185632
4681104
5133536
4240832
4507392
4799648
4896757
4925152
4527072
5003520
4488480
4925936
4225952
4507696
4392240
5354720
4639088
5105664
4791728
5152208
5013808
5180736
4586704
4805008
4494864
4393280
5375760
4544896
5159840
4605440
5193008
4610576
4950656
4635408
5374464
5376528
4213744
5060192
4274944
4974240
4617520
5387296
5356192
5255280
5049424
5181456
4325168
4610080
5056576
4758304
5154736
5141952
5011280
4967824
4656352
4918704
4939648
4761360
4321328
4575296
5161312
4767696
5232096
4840224
4664848
4662784
4631024
4770768
4345936
5429744
4447664
4466832
4579136
4901701
5266560
5341792
5160032
4214528
4211984
5291664
4480448
4490688
4357488
4918864
4752592
5283472
5040768
5192176
5376480
5137744
4527216
4974672
4489392
5280656
5181936
4922688
4226608
4617424
4315600
4266720
5255072
4663600
5143360
4661328
5142576
4288656
4925216
4786272
5339904
4928288
4637360
4373504
5214864
5158432
4211520
4483312
5192864
4371712
4282512
4453328
4757152
5155856
5145120
4495344
4490224
5223056
4747952
4654944
5137936
4791888
4221808
5208464
4213088
4454112
4626096
5184944
5183424
4712816
4295296
5439392
5375904
4663920
4370976
4360464
4244080
4636832
4604832
4780672
4536096
4971008
4402144
4869296
4290688
4364080
5143600
4920864
5178528
4756656
5051600
5149712
4364848
5141808
4658240
4601472
5347360
5043088
5060016
4211248
5338480
4239392
5378272
4275680
4793344
4605392
4454560
4451232
5159504
5185248
4488624
4788768
4790832
4526928
4751072
4513168
4507840
4922464
4471680
4791584
4918128
4512384
4654608
4236800
5353792
4583504
5145424
5055808
4945280
5128624
4659664
5133744
4558464
5164464
4947072
4346784
5235216
4242384
5135536
4374432
5234176
4640032
4317488
5308000
5186560
4216784
4940944
5176464
4876541
4744736
4617984
5178912
4453184
4757008
4570512
5181984
5303360
5106032
4493936
5010784
4226288
4925600
4753152
4569728
4401488
5005664
4826000
4693120
5188944
5187392
4604512
4770624
4213920
4969456
4536032
5237568
4632688
4639600
4320624
5193280
4605808
5377648
4210560
4919008
4321600
4763248
4490544
5139680
4526576
4394256
5184368
5181792
4219568
4979680
4231840
5008672
4747616
4264512
5143504
5343440
5153744
5145072
5181296
5178720
4536560
4621680
4756560
5299712
5178464
4698512
5442176
5184624
4677008
4229792
4785568
4350704
5177712
4917200
4769088
5159920
4585936
4582608
4924912
5349840
4537056
4534992
4740944
4345056
4927984
4214944
4318816
5186384
5190208
4404528
5345008
4536288
4638064
4793008
5149376
4488528
5185056
4750880
5372560
4368320
5354672
4525504
5251664
4631312
5050976
4755968
4922528
4925856
4348096
5182240
4791776
4361376
4623904
4263936
4494944
5159072
5179168
4638256
5105472
5132736
4976576
4577952
4713168
5306224
4583072
4560512
4213472
4957056
4495696
4975792
4273968
5048656
5185552
4928176
4925104
5436976
5025872
4315952
5101136
4515728
4623840
4657936
5145168
4784688
4453312
4619760
5179104
5181136
4343888
4789808
4791840
4361056
4237824
4621024
5261456
4471936
5178320
5154144
4213008
5183440
4749264
4771312
5058480
4740592
5350256
5344064
5142592
4978768
5133648
4984704
5059008
4606928
4971584
4929088
4489200
5136432
4490704
4286608
5357056
4849248
4610480
5181856
5258224
5245168
4648080
4747680
4230768
5144848
5147392
4474576
4575280
4342816
4915088
4242032
4662896
4533536
4356128
5188288
4314016
5191344
5339696
5343744
4634016
4318624
5183936
4975632
5224832
5142784
4924944
4781200
4299920
4640416
4780416
4449504
4762528
5047248
4923184
5145360
4785008
4872066
4228192
4281216
4978208
5185184
4601216
4617136
4306320
5144096
4536160
5344848
4429712
4450208
4424592
5045376
4216112
5161040
4666160
4246832
4638160
4275152
4534896
4633824
4271328
4450976
4579424
5164880
5281920
5347152
4631280
5356864
4658176
4526160
5256624
5185504
4440976
4226304
5339456
4922992
4351808
4228896
5275264
5268112
4527424
4366672
4219664
5181664
5184720
4437904
4751600
4576672
4917696
4761872
5136064
4667360
4662240
5341872
5191184
5060432
4530848
5133248
5007424
5234432
4269088
4632624
5160896
4477552
4369600
4219632
4610320
4760368
5181232
4759296
4482128
4921248
4522176
4747056
5139616
5358256
4490608
5428752
4761120
4567440
5148864
4605952
4483920
5376272
4623152
4950400
4544384
4768336
4757856
4931312
4476704
4634208
4375776
5341680
4212384
4605040
4451360
5183552
5133808
5003008
5440896
4922336
5142480
4238016
5003312
4626016
5443968
4615744
4321856
5184864
5049648
5442688
5156064
4204416
5178976
4496688
4749936
5303296
5184112
4762720
4219312
4791968
4656832
4612672
4757328
4698768
4999200
4746608
5389632
4527088
4627824
4755024
4322112
4714928
4922592
4212912
4225968
5050912
5177968
5180000
4631376
4494128
5354736
4247936
4691840
4448032
4475696
4274032
4524256
4507440
4454432
5439072
4349408
4925168
4580320
5307680
4274800
4635232
4739392
4239520
4346592
4618608
4337792
4628992
4392512
4625440
5339584
4264704
5356208
4975008
4261632
4492144
4489568
5187888
5181472
5342912
5350560
4211152
5175952
4713424
4943488
4272416
5007680
4742400
4924848
4475504
4473440
5186320
4669136
4246240
4966528
4636704
4654096
4231712
4872533
4360800
4358768
5258160
4751856
5060768
4475328
4615408
4437648
4439680
4354624
4798496
4921184
5339200
4470400
4472464
5181392
4417936
5343344
5136496
5139552
4357440
4916848
4222224
4446400
5180640
4227888
4496288
5282176
4447648
4344672
4217648
4668720
5346896
5100720
5355872
5341776
4798992
4924496
5337696
4605904
5072256
4840208
4662832
5099968
4306064
5428656
5155872
4920352
4623776
5405840
4791904
4600208
5430448
5237440
4745648
4405200
4237424
4968464
4535584
4925968
5202576
4294016
4780160
4247408
5234368
5344000
5236672
4925200
4926720
5183680
5104624
4373552
5002992
4243808
4793424
5307104
4781184
4524080
5236400
5222272
4724608
4216416
5150768
4345376
4213360
4745408
4739504
4323008
4599936
4752320
4489936
5256176
5138224
5139744
5141296
4999376
5155632
4784992
4601232
5008608
5403776
4627872
4260288
5144112
5354496
4919328
4925744
4316624
4352096
4739824
4578160
5161024
5042304
5045392
4611552
5089168
4531808
4982656
4870128
5281936
4917328
4970592
4785456
4715008
5185488
4752880
4397760
5275280
4536384
5147728
4440960
4472192
5178576
4450496
5285008
4654336
5258432
5103680
4403040
5304432
4766720
4927680
4347296
4605728
4313904
5058112
5056080
5375536
5343920
4662224
4474464
4604464
4449904
4959104
5237520
5184288
4760352
5019472
4336784
5371264
5140384
5007200
4747568
4750112
5255504
4525248
4922784
5178672
5181216
4617232
4756736
4356032
4615952
4523456
4545920
5177376
4479040
4924144
4528352
4533216
4736080
5151184
4451376
4769616
4582112
5146848
4688512
4664480
5003024
5185856
5188432
4493856
4634944
4213184
4699792
4769888
5049632
5443984
4919248
5137376
5008160
4492848
4248960
4669840
4658112
4496672
4219328
5444736
4789920
5184096
5182064
5300224
5138128
4762480
4929760
5138384
4639056
4390912
4522736
5155792
4358128
4210064
5443728
5049888
4488448
4492592
5142240
4631360
5251584
4507664
4454144
4925904
4531680
5183824
5185600
4814464
4580304
4809344
4214176
5190720
5236304
4274784
4473888
4320368
5192512
4618592
5160432
5341136
4812160
4741952
5100304
5011312
5356976
5141920
4920224
4761392
4917152
4570256
4380288
4625456
5356224
5178416
4341648
4571536
4354992
4751360
4610048
5184544
5181488
5009008
4921792
5029440
5192192
4314912
4666336
4274976
4738560
4609840
4943504
4769040
4347040
4243152
4664032
5250416
4393312
5375792
5162416
4437632
5255600
4750304
4654080
4974704
4236304
4482240
5181408
4472448
4584000
4798512
4761296
4222208
5136480
5256384
4628448
5251264
4746448
4227872
4919904
5287056
4755696
5180624
5177568
4982400
4668704
4930640
5058240
5193456
4347232
5341760
5133136
4986768
4508832
4535920
4525584
5143856
5178272
4349952
4919088
4219984
4309120
5258736
4749216
4395248
5357824
4622240
4632496
4495312
5387968
5159216
4351248
4226896
4757184
4600192
4613040
4791920
5137968
5057776
4770480
4780176
4622512
4216672
4925184
4605088
4720528
4743088
4370480
4373536
4342304
4578848
4844368
4536880
4742576
5103600
4783504
5193136
5203344
5056496
4706400
4585760
4927744
4761792
5195904
4445920
4728960
4536112
4211040
4782720
4780688
5192384
4477920
4296064
5345808
4402128
4617648
4452848
5140528
4522256
4364064
4228976
5255408
4366592
4654400
4219712
5427888
4364832
4359728
4653136
4232800
5302256
5148944
4917024
4216352
4533344
4535408
5087616
4757712
5436368
5158720
5043856
4475808
4975680
4373344
4738288
4274144
4275664
4634576
5142864
5349984
4707104
4924992
5183200
4753136
5050016
5299392
4481968
4350272
5142112
4525392
4414864
4514704
5139808
4654592
5105824
4414080
5377824
4534432
5341632
4945296
4313136
4316192
5177232
4840944
4666576
4491600
4869392
4239824
4405088
4506480
4745472
4316976
5160624
5161664
5059648
5107264
5145280
4759056
5353648
5356736
4231136
4396352
5182000
4789984
5152432
5178144
4456016
4919712
5148096
4350144
5357488
4493920
5258576
5149616
4615696
4319856
4530896
4738368
4262240
4632672
5237584
4346064
4314720
4763728
4478768
4214688
4799168
4532464
4674432
4656064
4200592
5177440
4970976
4526064
4241584
4624480
4360912
4977120
5137872
4219584
5184352
4751680
5049136
5428048
5178736
5181280
4759376
4922848
4923104
4264784
4975056
5258240
5008944
4751424
4238512
4741232
4260416
4740928
4403248
4605536
4917488
4531936
4636784
5005056
4537824
4741696
4505904
4583376
5060096
4275040
4837552
4654064
5357760
4491104
4752912
4754944
5428224
5049952
4488512
5301328
5185072
4358064
4494176
4383104
5359024
4977568
5152176
4791760
4612624
5179184
4573824
5351616
5062480
4317216
4790512
4943760
5176192
4924336
5160368
4211424
5338528
5185536
4491344
5378096
4876167
4373408
5236240
4925120
4945040
4559744
5181152
5297344
5145152
4583744
5143136
4391360
5138032
4791856
4483776
5354816
4230192
5143920
4513408
4761040
5049760
4919152
4448416
4925248
4342368
4611280
5044112
5136208
5237488
4968512
4923984
4576096
4790544
5234416
5105328
5107392
4748448
4286592
4490720
5139504
4222272
5428928
4319424
4596624
5177504
4921904
5357072
4525840
4974640
5137712
5255664
4281472
5007328
4310672
5184416
5415296
5149952
4219456
4922656
4921136
5144832
4351504
4305552
5181344
4494544
5140784
5246432
4726672
4738496
4364560
5374880
5438368
4314784
4356144
4233296
4241248
4214624
4480480
4605856
5191360
4913584
5442656
4935168
5444720
5170688
5283056
4310432
4766080
5096176
5085664
5223104
5081296
5216416
4960528
5198272
4458976
5197744
4775360
5184896
4210272
5113872
4728256
4511456
4749200
4303552
4784032
4561440
4549136
5262832
4278704
5177120
4556336
5419456
4943920
4946976
4429264
4780192
4951056
4678464
4726432
5084912
4860320
4330768
5444128
5169232
5070528
4425904
4280800
4286672
4641232
4280272
5280704
4600528
5415376
4774896
5407728
5170496
4802304
4381296
4935488
5285280
5087168
5220320
4540736
4819712
4677632
4693024
4943200
4297440
4444800
5421040
4479616
4294368
4456640
4966752
4554576
4256000
5210352
4403088
4590576
5448704
4556144
5203168
4365696
4923024
4696288
5168304
5440208
4472176
4771840
4935856
4967088
4965056
4541856
4359056
4974976
5095504
4281648
5220624
4513888
5399344
5276496
4471392
5166512
5169584
5175488
4601376
5068624
4728576
4286768
4280352
5226240
4253408
4978048
5441776
5203232
4418112
4722480
5215504
4960160
4546752
4371072
5281888
4298288
4590608
5206304
4432960
5419776
5046128
5425664
4780576
4429680
5317824
4417344
5087856
5089888
5217296
4290320
5262400
4981344
5219872
5071968
5045344
4424560
5041168
5044496
4788864
4790928
5370592
4679840
4513072
5403760
4785792
4787856
4934384
4776528
4791680
4570832
5194064
4464672
5402976
4234384
4674720
4278880
4644464
5063936
4688320
4571872
4668544
5366256
5265168
5219680
5042992
4692640
4211344
4778096
5228656
4683456
4420880
5265936
4712336
4938192
5419072
4458256
4202432
5262864
4199600
5205360
4292720
5364720
4982064
4723552
5206880
5426240
4211600
4201392
4204720
5214784
4515840
5084688
5176528
4642656
4545504
4807856
5276672
4305248
5285408
4600176
4705696
4674976
5265696
4726864
4230272
5283584
4280928
4232336
4257008
4981600
4435008
4535936
4547760
5266512
4984416
4725808
4729136
5369520
4826848
4576640
4344704
5282144
4301072
4812000
4585616
4535184
4985456
4521296
4719648
4875794
5395472
4298752
5281360
5195264
4916880
4968128
4286512
5089616
4415328
4200672
5413392
5445584
4439648
4467312
5280576
5220368
5403424
5140864
5343376
4641824
5274976
4514928
4470368
4921216
4783584
4448912
5203424
4326976
5441552
4681744
4684800
4288240
4729040
4820752
4816672
4590832
5281952
4809760
4950608
5220064
4434880
4462016
4331344
4692768
5010064
4805120
5168208
4209456
4439456
4676912
4644064
5089456
4946000
4570208
4253216
5223920
4286928
4280544
4510880
4982976
5219744
5085168
4274832
4817744
4553216
4557360
4780448
4933664
5087696
4681024
5210800
4288432
5224864
4511984
4816480
4814448
4326656
4202304
4316048
5203616
5263088
4815168
4775616
4601248
4728000
5372464
4253024
4673376
5261776
4762496
4589984
4804432
5447520
4674656
5265632
4512480
4621968
4515536
4548896
4807504
4698736
5179264
4913328
4747648
4539952
4209776
5194672
4774832
5184400
5181824
4440784
5181328
5178752
4674416
5281520
4763280
4337456
4699488
4200544
4779200
4950304
4722848
5210288
5369360
4390656
5076176
5441872
4297376
4943136
4677696
4637840
5220256
5214128
4959024
4944688
5440800
4493968
4496000
4814848
5049744
5410800
4560976
4339568
4807696
4307920
5285536
4677424
5193968
4685072
5262016
5259952
4405136
4296656
4780256
4457408
4330832
5171568
4474256
5219552
4860384
5213936
4415664
4291824
5262768
4390464
4451456
4774112
5177184
4826400
4723680
4977552
5085280
5194000
5196544
4706016
4936624
4335520
5446864
5443808
5280848
5407744
4775424
4436320
4306224
4922496
4925824
5166768
5142160
5261680
4558240
4816608
4511824
4278288
4390336
4199920
5317296
5340304
4430704
5422848
5420304
4284432
5219616
5266752
4530304
4535424
4986208
4302336
4201712
4328640
4776272
4234880
4510752
4565472
4964080
4251040
4644720
4729408
5403232
5220688
4830384
5089824
4418832
5217360
4903790
4959440
4809888
4296048
5074976
4780640
4555232
5219936
4549872
4696752
5441712
4218000
4590672
5195888
5071152
5068832
5085968
4254128
4564976
5177056
4556240
4558816
4287824
5266448
5220960
4422912
5395536
4684736
4307008
4331248
5264656
4780896
4459536
4810144
4542176
5220432
4467248
4310624
4936176
5168112
4787072
4784528
4777280
4305504
4290912
5230416
4414512
5095168
4734272
4514864
5363936
4286576
4827568
4539360
5169392
5040656
4466480
5195328
4779072
4338144
5314256
4227984
4641136
5259856
5214720
5353104
4810464
4325808
4328384
4204784
4293920
5207600
5267008
4959648
4460096
5424384
4590096
4826592
4806128
5284720
4641328
4731136
4385952
4819152
5170096
4704976
4919168
4442976
4204512
4366208
4384160
4545440
5270624
5415472
4600112
5206752
4475792
5266096
4256512
4390208
4720352
5072800
4589296
4296928
5368640
5219808
4404880
5260208
4683264
4548176
4550208
4201488
4198400
5290928
4647632
4491920
5403104
5373280
4913392
4688128
4548960
4412064
4819248
5114192
5403856
4601312
4458656
4384784
4389648
4950544
4959280
4780704
4304816
4560160
4695888
4802928
5072096
5220000
4275088
5084400
4684864
5441616
5425088
4315792
4295328
5071312
4587712
4332048
4814192
4649648
4286144
5177744
5166352
4202608
4644000
4538912
4567088
5169424
4466384
4601504
5440112
4698480
4294832
4734656
4411872
4414416
4250976
4670304
4252528
5181568
5184656
5184384
4437728
4509920
4512976
5222832
4747664
4418016
4249184
5285328
5181312
4286624
4539184
4383520
5180560
5177472
4806208
4931600
4729248
4276112
4433392
4463600
4566288
4201808
4559136
4945456
5424816
4636544
4985568
4637824
4275328
4272272
4817216
5448000
4331008
5072336
5045200
4591808
4296352
4389888
5261472
4670496
5443360
5195248
5048208
5049728
4439200
4557136
5443888
5271456
4642768
4572016
4705584
5283008
4589776
4410784
4832784
4204544
4325696
4296672
4780240
4292592
4432832
5171552
4303600
5424624
4199424
4945264
4947808
4547152
4415680
5217776
5262784
4420800
4647408
5264304
4679168
4937824
5071776
4570784
5193984
4467808
4464752
5096256
5085296
4510304
4684256
4443248
5155728
4933568
5280832
4436336
5041216
4703184
5443792
4939456
5114304
4541344
5372576
5286512
4531584
4256752
4342656
4816592
4938144
4435264
4349328
4573360
5350016
4388800
4521792
4981104
5266768
4296752
4345472
4569536
5338496
4459072
4457040
4535440
4546272
4299088
5068544
5099264
4280432
5226320
4543456
5277200
4294720
5284912
4965104
5403248
4780656
4199344
4944608
4213648
4560336
4240272
4550640
4291920
4981296
4678064
4218768
5446064
5045296
4960208
4546800
4254144
4982560
4651600
5210432
5195872
5206384
4590656
5210176
4287808
4982304
4667280
4813984
4298592
5291536
5441984
4945616
4212112
4200384
4688800
4671664
4680896
5045040
5040176
4311360
4210816
4944864
4459520
5365232
4703392
4600416
4986880
5034752
5064464
4294976
4338912
4601712
4570064
4280688
4286560
4728400
4779088
4782416
5423104
4783136
5286208
4328368
4339888
4346768
4198896
4538240
4951232
4548544
5214736
4419920
4533120
5369008
4259312
4343696
5207584
4559520
4573616
4686544
5424400
4460112
4773936
4588048
4342400
5143952
4279840
4514416
4458864
4776704
4922256
4919680
4919184
4775184
5283664
5224192
5271392
5403936
4252880
4684000
5442768
4779520
4442992
5198848
5285488
4600096
5170864
4334496
4705744
5138064
4967616
4859392
5085552
4729872
4409200
4826160
4952128
4475776
4814368
4558192
4693280
4329280
4326736
4521920
5265344
5222368
5176160
5423088
4296912
4780496
5290944
4944224
4550224
5228768
5039552
4334176
4258096
4647648
4644576
4964160
5370480
4673328
4383072
4543856
4641760
4809840
4326144
5214384
4272000
5087968
4950528
5368336
4816960
5420736
4943408
5175840
4331264
4313744
4592816
4945712
4696640
4684880
4681792
4546576
4960048
5116208
5260784
4722592
4418288
4636816
4318864
5419952
5282000
4863408
4950064
4436688
4299184
5169408
4570160
4565296
5271008
4410576
4515296
5285072
5168128
5165072
5170192
4568368
4706160
4703584
5407424
5181584
5222576
5318944
4571952
4341040
4251504
4967424
5223088
5265872
5270736
4859584
4762768
4600224
5184128
4440016
4705648
5178240
4203104
4385840
4514512
4513504
4750736
4252784
5370672
4208224
5195184
5070832
4864160
4590272
4208976
4816240
4681296
5264368
5423296
4695360
4339728
4940832
4565760
4513696
4286688
5281472
5441072
4308432
5094592
4412832
4493696
4960832
4950384
5371232
4703264
5446960
5280688
5046656
5417936
4777456
4440736
5066176
5064624
5447936
4675840
5087152
5262256
4389952
4385088
4325952
4944736
5419760
4427168
4423088
4403072
4286448
4817936
4684560
4783824
5316672
5279296
4920976
5442256
5168320
4805360
5275248
4510048
4994128
4917888
4312352
5166528
5169072
4340896
4412512
4673232
5141888
4970624
4674272
5372832
4286752
5410048
4705504
5175472
4418128
5195808
4432976
4381104
5262416
4550576
4959392
4348800
4470848
4780592
5075056
4297520
5045360
4434768
4438096
4941472
5175968
5403744
4692160
4557040
5446816
4601200
4438816
5197904
4338640
4573152
4546528
4250528
4514608
4863568
4381920
4231312
5085232
5194048
4688304
4941280
5171424
5448640
4557536
4426800
5084928
4282704
4680384
4957136
4986160
5228640
4780400
4198576
4201664
4213392
5043760
4433680
4943072
4558288
4556768
4246416
5085696
4725344
4420864
4288320
4854896
4651856
4418320
5262848
4390384
4945104
4707200
4326896
4458240
5076512
4390640
4518928
5291792
4947936
4774000
5210944
4855152
5218656
5216832
5214800
4204736
4198832
4780144
5291008
4655248
4819632
5264896
4442928
4305264
5276688
4807872
4645744
5373648
4539872
4379088
4938480
4250784
4538576
4511280
4409904
4815024
4335312
4575360
4588544
5220144
4553904
5365168
4825072
4959136
4780848
4301840
4944800
4349056
4199152
4300080
5209120
4556192
4814048
4344720
5369536
4554688
4422992
4982368
4684784
4947616
4347264
4585600
5424656
4286496
5175728
5444304
4572576
4922000
4733440
4358784
4381344
5222672
5041488
4600352
5447120
4922752
4472416
4470384
4777232
5064528
5285232
4986944
4672224
5143424
4985760
4521664
4722656
4416192
4684816
5441536
5425136
5205984
5203408
4814112
4389696
4404608
5087904
4429728
4780752
5425904
4296160
4943472
5222112
4677904
4816896
5440032
4472224
5402336
5268128
5098672
5041840
5445152
4570976
5425376
4778992
4673072
4950128
5175376
5169472
4567136
5418976
5068736
4299248
4943664
4569344
5371920
4257344
5222304
4282800
4274816
4981200
5215152
4950784
4810608
4201536
4816496
4753792
4288448
5115424
5217968
4985056
4605312
4301760
4944944
4329216
4255584
4819296
4646816
4511696
5169664
4803664
4815184
5440624
4934144
4863664
4647584
4705904
4464848
4913344
5228464
4624016
